-1.411524219369651222e+10 -1.303070741429305649e+10 -1.157413528351438904e+10 -1.023822098134833145e+10 -8.635189203167110443e+09 -7.379134039434875488e+09 -5.980727326680625916e+09 -4.431127252484776497e+09 -3.125179362356828690e+09 -1.531598735269000292e+09 0.000000000000000000e+00
-1.314138982367809868e+10 -1.204920757436981964e+10 -1.080219674097642708e+10 -9.465204794598569870e+09 -7.885864762700673103e+09 -6.628124692700389862e+09 -5.228052076525152206e+09 -3.693256499397376060e+09 -2.380513470000994682e+09 -8.997112273522436619e+08 0.000000000000000000e+00
-1.240074000284415436e+10 -1.130668071390444565e+10 -1.006528186225979996e+10 -8.726330419174972534e+09 -7.191093899479736328e+09 -5.930403124455042839e+09 -4.527924011840730667e+09 -3.151686200894559860e+09 -1.837495724966473579e+09 -7.787958909259936810e+08 0.000000000000000000e+00
-1.171971354598992729e+10 -1.062280877576844025e+10 -9.391530937050010681e+09 -8.049536613693813324e+09 -6.590170567736686707e+09 -5.326002186982654572e+09 -4.007090470668348312e+09 -2.717968179556324959e+09 -1.679955594430783272e+09 -7.787958909259936810e+08 0.000000000000000000e+00
-1.112604275382100868e+10 -1.002785423755173302e+10 -8.811611373187408447e+09 -7.469147023050651550e+09 -6.096441691400344849e+09 -4.831585933698217392e+09 -3.624060134912395954e+09 -2.561097256255409718e+09 -1.602048996763995647e+09 -7.787958909259936810e+08 0.000000000000000000e+00
-1.057343862096804047e+10 -9.473015008283647537e+09 -8.261557670284306526e+09 -6.984272469589429855e+09 -5.648935971086894989e+09 -4.490269551606457710e+09 -3.458626569494894505e+09 -2.433956255856815338e+09 -1.602048996763995647e+09 -7.787958909259936810e+08 0.000000000000000000e+00
-1.009095540983560944e+10 -8.988019486325798035e+09 -7.788975764221340179e+09 -6.563568046878534317e+09 -5.341343892750478745e+09 -4.324949828276844025e+09 -3.312228606134779930e+09 -2.383605065971575260e+09 -1.602048996763995647e+09 -7.787958909259936810e+08 0.000000000000000000e+00
-9.686954673021896362e+09 -8.581530243012561798e+09 -7.395097524119759560e+09 -6.282901777854224205e+09 -5.177358992153451920e+09 -4.166596129885190010e+09 -3.212138352285725117e+09 -2.383605065971575260e+09 -1.602048996763995647e+09 -7.787958909259936810e+08 0.000000000000000000e+00
-9.358269468218893051e+09 -8.252803425703294754e+09 -7.136405070770087242e+09 -6.116943315801196098e+09 -5.020684781367943764e+09 -4.036484726883243561e+09 -3.179524376061358452e+09 -2.383605065971575260e+09 -1.602048996763995647e+09 -7.787958909259936810e+08 0.000000000000000000e+00
-9.045749649657131195e+09 -8.003015740703447342e+09 -6.970697271157903671e+09 -5.955528532071547508e+09 -4.877944491008615494e+09 -3.960126082303625107e+09 -3.179524376061358452e+09 -2.383605065971575260e+09 -1.602048996763995647e+09 -7.787958909259936810e+08 0.000000000000000000e+00
-8.812145683039838791e+09 -7.837518167810534477e+09 -6.807184684035232544e+09 -5.803752874615386009e+09 -4.766733579170370102e+09 -3.938982539359296799e+09 -3.179524376061358452e+09 -2.383605065971575260e+09 -1.602048996763995647e+09 -7.787958909259936810e+08 0.000000000000000000e+00
